#META
name = Problem 2
k = 155
N = 25
#NODES
1   (4,36) (12,7)  
2  (14,23) (3,8) 
3   (9,37) (11,4) 
4  (28,42) (13,19) 
5  (30,34) (8,14)   	
6  (22,26) (9,13)
7  (12,24) (6,2) 
8   (5,40) (8,4) 
9  (10,41) (17,25)
10 (25,22) (7,8)
11 (26,31) (12,9)
12 (23,34) (10,6)
13 (26,39) (7,7)
14  (5,17) (14,22)
15 (15,17) (12,10)
16 (21,19) (6,7)
17 (15,41) (15,20)
18 (24,43) (11,12)
19  (3,13) (10,8)
20   (8,7) (3,9)
21  (14,4) (12,15)
22   (8,4) (9,10)
23 (24,14) (17,10)
24  (28,9) (2,5)
25  (25,4) (8,4)
#EOF